200
    1   842   742
    2  1684  1484
    3  3368  2968
    4  1102  1002
    5  1102  1002
    6   523   423
    7  1046   846
    8  2092  1692
    9  1046   846
   10   636   536
   11  1272  1072
   12  1272  1072
   13  1084   984
   14   168    68
   15   336   136
   16   504   204
   17   179    79
   18   671   571
   19  1342  1142
   20  1342  1142
   21   994   894
   22  1988  1788
   23  2982  2682
   24   836   736
   25  1672  1472
   26  3344  2944
   27   836   736
   28   671   571
   29  1342  1142
   30  2014  1714
   31  1101  1001
   32  1101  1001
   33   648   548
   34  1296  1096
   35  2592  2192
   36  1941  1641
   37   905   805
   38  1810  1610
   39  3620  3220
   40   899   799
   41  1798  1598
   42  3596  3196
   43  2698  2398
   44   235   135
   45   470   270
   46   940   540
   47   470   270
   48   480   380
   49   960   760
   50   702   602
   51  1404  1204
   52  2808  2408
   53  1064   964
   54  1064   964
   55  1069   969
   56  2138  1938
   57  2138  1938
   58   462   362
   59   924   724
   60   661   561
   61  1322  1122
   62  1983  1683
   63   721   621
   64  1442  1242
   65  1054   954
   66   235   135
   67   470   270
   68   706   406
   69  1113  1013
   70  1113  1013
   71  1041   941
   72  2082  1882
   73  4164  3764
   74   141    41
   75   301   201
   76   610   510
   77   610   510
   78   466   366
   79   934   734
   80   466   366
   81   233   133
   82   468   268
   83   936   536
   84   905   805
   85  1810  1610
   86  1810  1610
   87   899   799
   88  1798  1598
   89  2698  2398
   90   583   483
   91  1166   966
   92  2332  1932
   93   532   432
   94  1064   864
   95  1596  1296
   96  1075   975
   97  2150  1950
   98  1075   975
   99   924   824
  100  1848  1648
  101  3696  3296
  102  2764  2464
  103  1107  1007
  104  2214  2014
  105  3321  3021
  106  1054   954
  107  2108  1908
  108  2108  1908
  109   779   679
  110  1558  1358
  111  3116  2716
  112   982   882
  113  1964  1764
  114  1026   926
  115   703   603
  116  1406  1206
  117  2812  2412
  118   703   603
  119   592   492
  120  1184   984
  121  1776  1476
  122   742   642
  123  1484  1284
  124  2968  2568
  125   742   642
  126   441   341
  127   882   682
  128   441   341
  129   368   268
  130   368   268
  131   802   702
  132  1604  1404
  133  2406  2106
  134   997   897
  135  1994  1794
  136  1994  1794
  137   261   161
  138   261   161
  139   916   816
  140  1832  1632
  141  3664  3264
  142  2748  2448
  143   307   207
  144   614   414
  145  1228   828
  146   924   624
  147   583   483
  148  1166   966
  149  2332  1932
  150  1741  1441
  151   303   203
  152   606   406
  153   988   888
  154  1976  1776
  155   223   123
  156   446   246
  157   669   369
  158   968   868
  159  1932  1732
  160  3864  3464
  161   306   206
  162   612   412
  163   612   412
  164   798   698
  165   798   698
  166   841   741
  167  1682  1482
  168   991   891
  169   860   760
  170  1720  1520
  171  3440  3040
  172   692   592
  173  1384  1184
  174   549   449
  175   549   449
  176   306   206
  177   612   412
  178   919   619
  179   873   773
  180  1746  1546
   181  3492  3092
   182   873   773
   183   529   429
   184  1058   858
   185  2116  1716
   186  1058   858
   187   710   610
   188  1420  1220
   189  2840  2440
   190  2132  1832
   191  1032   932
   192  2064  1864
   193  4128  3728
   194  2064  1864
   195   761   661
   196  1522  1322
   197  3044  2644
   198  2283  1983
   199   809   709
   200  1618  1418
112648
